  4   6   8  12  17  23  24  32  40  45  50  56  60  69  73  74  78  83  91  92  99 103 111 113 120 126 135 137 145 152 155 164 172 177 184 188 197 201 206 213 220 229 231 235 244 253 257 261 262 268 273 275 281 290 298 300 303 
  8  13  21  24  26  35  37  38  42  46  49  57  66  72  77  86  92  98 103 111 120 126 128 131 138 145 151 156 164 167 173 181 182 191 196 204 211 215 223 224 232 241 249 252 253 256 257 264 268 273 278 286 291 297 298 305 306 
  2   7  10  19  27  32  39  42  45  52  58  59  63  68  71  77  79  87  95  98 100 101 110 119 125 127 132 133 141 150 159 163 165 171 176 185 192 194 202 204 206 208 209 215 219 228 232 234 241 244 253 256 259 263 269 273 276 
  5  14  15  23  28  34  36  45  46  54  55  58  66  72  78  83  92  94 102 110 114 116 123 128 136 145 153 159 160 166 167 169 174 182 186 191 199 206 208 213 215 218 221 225 230 233 242 245 249 255 257 258 262 264 271 280 288 
  5   7  10  18  21  23  28  29  30  36  38  44  52  53  56  65  73  76  84  88  91  97  99 108 115 121 122 129 134 137 139 143 152 159 165 168 169 172 177 180 185 187 192 197 198 207 215 216 223 225 230 238 242 249 255 259 261 
  5  10  13  18  27  32  33  39  40  45  53  56  62  64  68  73  76  83  88  97 100 101 109 111 120 123 131 140 146 147 156 164 171 175 177 184 192 193 198 207 216 219 220 228 230 234 239 242 245 250 256 264 273 276 280 284 291 
  6   7   8   9  12  14  21  30  34  43  50  56  61  68  72  75  84  93  97 104 110 115 122 131 134 143 148 151 159 168 177 185 190 199 208 217 222 223 229 235 242 244 251 260 263 272 281 285 291 292 294 299 300 309 311 319 320 
  6   8  14  20  29  38  42  48  50  58  60  69  77  84  86  89  96  99 102 108 116 117 125 126 134 139 146 153 159 168 169 170 172 173 181 188 195 196 204 205 210 218 219 222 226 231 239 240 245 248 251 255 261 264 270 279 288 
  1   3   7  11  19  20  28  37  44  51  53  54  58  63  69  70  72  78  85  93 100 103 111 113 120 123 125 132 138 146 147 156 161 166 171 174 182 184 193 196 204 210 216 223 226 229 236 239 242 247 249 254 257 258 264 267 276 
  2   3   5   7  13  15  23  31  40  42  47  49  55  61  63  72  75  82  88  96 100 107 108 110 116 125 133 136 139 148 149 156 165 166 175 180 189 197 199 205 208 215 224 227 236 237 246 253 259 266 272 280 286 290 297 306 310 
  2   6   9  18  25  27  28  36  38  46  52  60  69  73  75  76  82  89  97  98 104 113 118 127 135 136 137 140 149 154 163 167 172 174 176 184 193 200 201 206 213 217 223 227 228 233 241 249 258 266 275 276 278 284 292 297 301 
  6  10  16  25  30  32  34  43  45  47  52  57  61  70  78  83  87  91  94 103 111 119 128 134 136 143 149 153 162 165 168 174 179 184 186 190 192 200 205 214 221 222 228 233 242 244 253 254 260 267 272 278 286 287 296 305 308 
  3  10  19  28  32  38  40  49  56  65  66  70  73  79  81  82  86  89  90  95 100 104 106 107 110 118 122 128 132 141 144 148 156 163 167 175 176 179 187 196 198 206 214 221 227 228 231 240 241 250 254 260 264 272 279 286 292 
  1   3  11  14  15  22  28  29  38  45  47  49  53  62  64  65  71  80  86  87  88  92  99 108 110 113 115 124 129 137 138 139 142 148 149 150 156 162 163 165 170 178 187 194 196 200 202 205 211 213 218 226 232 233 234 240 243 
  1   9  17  19  26  31  40  43  48  57  60  62  63  69  74  75  77  78  80  85  94 103 105 113 122 123 127 130 139 148 150 158 166 170 179 185 193 197 201 207 208 212 221 224 228 231 232 240 243 248 251 258 265 267 274 283 286 
  7  12  13  17  21  24  28  37  40  45  46  48  50  53  62  69  74  76  84  90  95  98 101 103 112 120 125 130 134 141 146 154 157 161 168 176 182 188 194 195 202 209 215 223 229 237 239 242 251 257 258 263 272 277 278 284 291 
  3  11  12  16  23  30  34  41  50  54  59  61  64  69  76  78  84  87  93  96 105 114 119 127 131 138 139 147 149 152 156 162 170 175 177 184 191 199 208 210 219 225 233 236 240 245 250 257 264 265 269 271 277 281 285 294 302 
  4  10  15  20  29  33  39  45  46  51  52  53  56  64  69  75  77  78  81  89  90  91  98 101 102 111 112 117 118 119 127 131 136 144 152 160 163 171 175 176 179 187 196 202 208 216 222 231 240 248 257 264 269 275 283 292 296 
  5   8  13  20  27  29  38  45  49  50  52  58  63  65  70  71  77  80  86  92 100 109 113 114 123 124 132 134 138 143 152 155 161 163 165 167 171 178 181 190 198 205 206 207 210 219 220 229 233 236 243 249 257 260 263 265 271 
  5  12  15  18  20  24  32  39  46  47  53  57  58  64  67  71  75  82  85  87  90  95  96 104 106 113 115 116 123 131 139 144 146 153 154 162 167 173 175 181 182 185 189 191 192 193 194 197 201 207 211 215 219 224 232 233 234 
  1   2  10  16  17  22  24  27  32  41  46  55  63  69  76  77  83  91  93  97 105 113 116 123 132 138 146 148 155 164 166 168 171 179 180 188 192 199 208 210 219 227 231 233 239 242 251 254 257 265 272 273 279 287 289 297 299 
  2   8  15  24  29  30  35  38  45  47  49  57  63  70  77  82  87  95  98 103 112 116 125 133 142 144 152 159 161 164 165 172 177 186 193 200 209 218 219 225 227 231 240 244 252 256 265 273 278 284 288 290 294 301 305 310 311 
  2   7  16  17  26  34  37  38  39  45  46  49  58  67  70  73  74  82  87  94  99 101 102 104 109 112 120 127 128 130 131 132 136 142 148 149 153 159 168 174 178 186 195 199 207 209 218 222 229 231 239 244 249 253 262 264 271 
  4  13  17  25  34  35  36  41  48  57  65  69  70  71  78  83  86  88  94 100 102 103 112 121 123 126 132 135 144 152 153 155 156 158 160 167 173 175 182 189 191 198 199 207 210 212 221 223 228 235 241 246 252 253 260 265 270 
  3   5   9  16  17  26  33  35  42  45  51  60  67  71  77  81  86  92  94 102 111 117 121 124 130 133 136 145 146 154 157 165 173 180 181 187 193 198 203 207 212 219 221 222 225 227 230 239 248 251 260 261 266 267 274 281 283 
  5  11  19  22  27  36  45  47  48  50  51  58  65  67  75  84  88  92  96 104 113 114 120 123 130 135 142 151 160 162 171 178 182 184 190 195 199 202 204 205 213 216 225 231 233 238 247 252 254 263 264 266 273 279 288 291 300 
  8  12  15  17  24  28  32  37  45  54  58  67  68  70  73  81  82  91  98 103 104 105 112 115 119 122 126 129 135 141 143 149 152 158 167 170 177 178 184 188 193 196 204 205 206 213 219 222 225 233 239 245 254 256 259 266 275 
  7   9  16  24  32  38  45  50  56  58  60  61  69  74  78  79  84  87  90  95 102 109 115 116 122 123 126 128 131 137 143 151 152 160 163 172 174 183 188 196 204 209 216 225 229 236 242 246 248 254 260 269 275 284 290 292 297 
  4  12  19  28  34  40  48  55  62  65  67  75  80  84  86  92  97 102 110 113 121 126 131 134 143 146 154 159 164 170 175 184 187 188 195 203 207 211 216 222 228 236 245 248 249 257 261 270 272 276 279 287 290 291 294 300 301 
  1  10  12  17  20  22  30  37  46  47  55  62  64  70  75  81  83  85  91  92  96  99 101 107 110 118 125 134 138 143 149 156 163 169 171 173 179 188 192 200 207 208 216 223 232 233 240 246 248 253 260 269 270 278 284 286 295 
  4   8  10  19  28  36  39  44  47  56  59  68  73  81  86  91  98 104 111 113 115 123 126 131 136 145 150 153 158 164 165 170 173 178 179 183 192 194 201 209 213 221 226 230 237 241 244 252 256 260 265 266 271 274 283 287 290 
  5  13  22  27  30  35  38  41  45  52  61  64  68  71  80  81  82  83  87  96 101 107 114 116 121 124 126 133 136 144 149 152 154 158 162 169 175 179 181 187 195 201 207 215 218 226 235 237 244 248 251 255 259 260 268 274 277 
  8  11  16  19  28  29  31  40  43  44  47  51  57  60  63  71  80  87  93  95  98 101 108 115 122 125 134 141 147 154 156 164 172 181 189 190 191 192 201 204 209 211 220 224 225 230 235 242 246 252 259 261 269 276 281 290 294 
  1   7  13  20  27  35  38  42  50  59  65  73  74  80  86  91  96 103 107 111 113 122 131 133 142 143 146 154 156 165 170 179 187 195 196 205 210 215 218 224 226 233 236 238 241 244 245 249 250 257 258 262 263 269 275 276 278 
  4  12  13  14  17  21  22  26  29  32  38  42  47  51  55  58  67  74  76  82  84  93 101 107 109 112 119 127 130 132 136 145 153 155 161 168 173 182 183 189 193 197 202 207 215 221 229 235 244 247 253 258 260 264 269 274 282 
  8  10  13  14  22  30  33  36  38  46  50  57  59  60  63  71  78  83  87  92  93  96 104 108 109 111 114 122 126 135 137 139 143 145 148 151 156 160 165 171 180 183 186 189 196 201 205 212 214 223 232 236 240 241 246 254 263 
  7  10  15  23  24  30  31  37  40  49  58  61  63  71  78  86  92 101 108 109 117 120 126 132 134 142 144 146 151 158 161 166 174 178 181 185 192 200 206 212 215 220 224 225 227 235 244 245 250 252 254 259 265 272 281 282 283 
  8  14  17  20  29  32  36  40  46  51  56  63  66  71  74  81  84  90  91  92 100 105 112 121 122 123 131 132 136 141 150 159 167 168 170 174 183 184 189 192 195 199 206 208 217 219 220 223 232 235 238 244 248 257 264 270 276 
  8  15  18  27  29  32  33  41  49  53  58  59  65  69  78  83  86  88  91  93  98 106 114 123 131 138 145 146 150 159 166 168 171 177 186 195 197 198 199 200 204 213 218 221 229 235 236 245 247 251 258 262 270 278 283 285 288 
  5   6  13  20  23  27  30  33  35  42  50  52  55  60  66  67  68  76  77  78  82  85  92  95 104 106 110 117 118 125 128 132 140 147 151 152 153 159 163 165 171 177 179 188 196 197 202 211 212 213 219 220 222 227 232 239 248 
  1   8  14  21  26  34  40  44  53  58  67  76  78  83  89  91  98 106 109 111 117 121 123 128 130 131 140 141 145 151 156 159 165 173 180 187 194 201 210 212 219 228 237 238 245 248 251 255 257 261 264 269 277 285 294 302 306 
  6  14  16  20  21  28  30  34  38  42  50  57  65  71  73  75  76  81  85  92  94  97 102 104 110 116 120 121 128 137 139 147 149 152 153 159 162 165 167 176 177 180 188 192 200 203 206 214 223 232 233 235 244 251 252 257 258 
